24
0
88
-59
-54
13
20
-11
22
-48
5
22
-40
-26
-97
88
69
-18
-72
-30
-16
-9
-16
76
15
-73
47
-91
-20
-84
-69
4
-35
57
13
80
-30
-39
38
44
-96
7
-9
-16
-38
70
-56
-18
62
39
73
-32
27
-60
-18
28
74
-62
53
-66
-90
45
-13
-23
19
-93
-10
-82
17
99
45
-93
-6
90
-55
-24
-65
-61
-92
-95
17
-9
-1
-54
67
55
-16
4
-55
95
35
82
-41
-33
-4
1
-54
-61
-47
-31
47
-31
-5
76
94
100
-24
-49
-67
44
37
-26
73
38
47
49
87
63
-92
28
20
-42
47
0
-51
-43
-80
24
15
71
36
72
3
51
24
65
-37
-30
71
73
-29
-55
-26
-94
87
28
-62
3
-83
18
-29
60
83
14
92
13
-3
67
69
-4
83
10
82
-56
-22
-84
23
-8
-81
51
-92
29
81
-91
-99
9
-14
-49
-84
-55
-30
-57
10
32
-38
-28
33
66
-18
96
79
37
30
-10
95
10
-66
-68
-25
-13
74
21
58
-71
29
62
36
-86
82
18
14
21
-47
88
-50
-10
14
54
-30
-58
81
4
-44
-55
65
72
93
20
14
87
84
-98
52
-75
-56
-58
-36
2
9
49
-8
-72
47
-40
-85
-66
16
99
14
-55
-13
-53
17
52
59
-10
-64
-92
14
6
13
-39
-50
-4
3
-21
-42
27
-16
59
-55
56
-95
67
-68
68
-85
-10
91
98
-72
10
9
8
-71
-71
-36
-1
88
10
-31
30
-64
-6
-26
14
91
-98
65
-43
97
-90
-27
-98
89
-1
-80
-37
87
-98
-49
-67
70
4
-77
29
-38
-60
-35
65
-10
5
-5
70
-69
54
0
34
-73
-89
14
77
-22
90
-16
-88
-12
97
93
-58
40
-84
-40
-4
-75
1
11
-75
-12
80
34
94
-89
7
62
-90
-73
-61
-1
39
79
71
-39
-42
-3
-16
-49
-35
-1
-28
26
-46
-61
-57
-83
-93
92
-14
-62
-37
-64
69
95
-48
-25
83
18
72
43
-48
-52
40
-68
22
-15
12
58
42
43
-9
90
57
25
100
-46
-27
66
-12
32
-21
82
-99
-7
-86
47
1
68
-45
-14
41
-94
-2
80
-85
71
-68
91
-7
52
46
92
29
40
-76
-9
67
-11
80
73
88
82
50
-96
-56
90
-13
95
-43
69
96
71
-100
-68
55
68
-11
-50
-65
-17
49
4
-73
52
67
55
50
-47
50
70
-38
31
-61
97
34
62
-33
46
-62
-92
-18
-2
-75
-18
-63
45
22
87
-2
21
-53
77
90
5
-100
-51
16
23
-54
-41
-10
47
-23
16
12
54
2
-47
95
50
3
-53
-40
-56
0
-30
-56
54
-42
-54
57
94
-32
93
-50
-65
24
77
67
84
24
-63
8
8
12
-88
-50
-51
-84
13
-55
99
26
95
-48
-80
29
-94
-44
16
-12
58
83
58
27
20
66
-100
28
6
26
23
13
5
-20
-72
-51
69
-33
-8
32
91
-39
-49
-46
66
25
-16
82
32
-42
24
-38
95
-52
-23
92
-9
14
-58
60
60
-25
18
23
80
22
94
-28
70
42
-73
80
-25
-42
92
30
45
14
76
-8
-39
-98
65
-52
-56
54
61
-41
-8
-83
-89
9
-23
-57
-29
60
-48
-40
-31
-85
91
-83
-37
25
59
-94
-48
-5
-44
74
20
60
10
-44
-10
-6
-57
76
40
-49
52
24
49
43
-23
51
49
-21
-85
88
-42
-89
-43
93
-36
-77
51
-93
-56
15
30
-55
36
26
47
-65
69
49
20
76
82
85
-28
-32
-12
-16
-60
1
-12
39
-94
51
-96
-52
-21
-41
-62
-9
-78
1
-68
15
-48
16
61
25
99
-36
46
3
71
-73
45
44
-50
-6
89
25
-42
-61
-14
-39
15
16
36
-30
7
-29
-63
-56
-20
38
60
50
-88
34
-28
-53
20
100
16
30
77
-66
11
21
-57
-92
-9
-67
92
90
8
31
-35
0
-2
87
43
100
-39
-49
-56
96
71
23
-71
88
84
29
-19
-44
-59
-97
-47
82
-27
31
45
-30
-37
-36
33
17
56
-17
97
80
-25
-29
-25
100
-67
46
-22
95
99
51
1
79
92
-19
10
34
-73
-43
51
66
-97
-42
-97
-100
-29
20
-32
58
-94
-76
-11
60
-36
-60
-89
-30
-85
17
-1
-70
-45
97
2
93
96
11
-14
-77
-93
-73
-78
-88
-46
8
82
-49
27
-68
24
72
72
-85
-10
0
-87
65
12
85
-88
4
47
-91
5
90
-57
80
-85
1
-10
-67
-96
77
-78
38
18
-34
-3
7
-14
-36
90
42
-83
-61
-43
11
-95
-24
35
-51
-36
100
58
80
33
61
44
26
-90
-86
81
21
-44
52
-58
-69
4
76
5
-35
49
-3
-42
-78
64
-31
-39
-23
-28
-34
-80
68
-5
-61
-13
62
-4
-5
94
27
36
56
32
74
71
-45
19
-15
-15
-42
-89
54
-5
-47
-76
94
19
33
-14
49
-43
-91
32
1
-59
-68
-59
42
76
-86
-66
-63
-70
41
33
-33
88
-3
35
36
25
36
-1
-56
-87
82
-48
-92
-15
36
-26
100
69
-42
-13
18
70
45
-63
55
-43
29
-33
-88
64
6
-12
7
-45
-63
-97
78
-4
-76
86
-16
-74
95
11
-99
-1
-93
92
-29
-100
85
-11
32
54
-99
56
-59
-90
91
41
-8
-24
29
43
-6
1
-76
54
4
-30
-45
92
-15
-92
77
-18
2
-14
-65
1
-94
-13
-96
-12
57
-73
-92
58
-100
98
-52
68
-76
69
-96
-88
38
64
1
59
6
-31
-26
-12
-37
98
-43
16
-35
54
-66
69
32
67
-71
26
2
27
92
97
-14
-44
-43
17
-85
96
-76
97
63
47
-37
-43
94
18
-80
64
75
17
-75
40
23
26
-21
0
42
100
4
14
21
-30
23
90
-43
-46
-97
-53
16
29
43
-84
58
-84
29
-77
38
87
95
-52
-40
-49
71
36
15
27
65
-61
-2
-15
46
99
34
78
58
-80
39
14
-65
43
3
41
-3
78
91
-91
32
97
-58
87
2
-68
60
-74
44
-82
36
-21
-18
81
-29
-75
-73
12
86
-57
-80
-6
-83
30
-49
-21
72
57
-90
-77
21
22
39
-44
-12
-95
-84
82
-55
14
-21
-65
-80
27
65
9
47
43
39
76
-88
3
-23
-19
-10
-80
76
-65
95
88
-12
-13
-29
38
-21
9
82
17
1
16
32
21
-51
63
-94
31
-1
9
-33
-63
-68
-9
-89
50
85
-11
11
-82
-91
-11
77
-69
84
87
-72
35
-36
51
75
-23
7
35
-43
-39
82
86
-79
97
-41
-83
-55
46
-82
88
7
-28
-6
46
73
9
83
-15
-30
-8
-81
48
-86
4
-19
90
-3
60
-48
65
21
10
67
-90
-93
-95
81
-79
-88
-11
66
-84
18
47
32
10
-78
-83
-39
34
37
-62
92
1
14
-75
-58
80
71
13
-25
-7
-96
3
96
24
-3
85
63
11
-6
98
-31
52
54
7
70
-33
56
52
91
36
-91
72
51
26
29
-50
-21
-24
53
-92
93
96
50
-83
30
58
-38
-57
72
-18
7
44
84
-99
-4
34
9
-34
66
41
-16
66
-28
-80
24
-41
-41
-30
41
87
60
-13
-71
-39
24
92
-84
-89
-75
-72
-29
92
-51
18
-2
41
-38
64
84
49
90
93
-16
70
-69
-23
-57
-75
5
18
-7
10
-14
83
-89
9
-86
-93
100
1
-99
43
93
81
43
-95
24
-94
-14
-34
-18
-53
40
-32
-94
-47
51
-33
25
-47
90
-28
-18
50
57
99
-73
-41
70
-82
-72
86
-77
67
-57
30
1
60
-62
94
-91
-88
-8
17
36
-70
-47
3
-8
-66
-64
-8
93
-27
-59
-90
71
12
-43
33
-55
-12
24
16
37
-6
91
91
20
-79
-13
-21
50
9
1
-92
99
-47
-79
-36
-92
-56
84
37
-12
15
-70
-61
-83
-68
71
-35
38
60
75
10
79
70
9
-93
-82
-55
54
8
77
-77
63
-1
31
71
70
97
-98
27
27
-50
-88
-67
-13
-60
77
44
6
60
-19
63
-77
28
-97
4
15
-42
66
-5
-33
9
-50
17
-93
-76
-16
-100
1
-99
46
29
-88
44
-96
-11
66
-93
-49
-10
25
61
93
-9
-82
58
-34
-15
-44
-82
6
-51
93
56
-10
-99
41
42
-33
34
94
-35
14
28
66
22
-48
-87
-76
-73
-78
78
5
56
-89
37
78
78
27
87
-92
33
-86
-48
-47
-86
48
61
-53
9
-27
10
-23
-69
-56
-50
-72
83
-98
-52
-38
-2
-42
69
54
-33
-60
-95
-65
-91
-48
50
-80
-85
-56
-95
-100
-36
-90
6
-79
-22
-4
-43
-41
63
-78
12
9
24
-13
-51
-55
31
-31
61
20
63
25
22
-75
-93
88
-32
-94
52
31
84
65
-61
-14
61
30
-81
1
-57
2
-11
19
27
-92
-65
-79
18
-3
-17
94
68
5
-53
54
31
38
65
-36
-62
27
63
-61
84
-28
89
-35
-63
-9
19
-60
-79
1
-16
-52
79
70
-68
-100
-81
-43
-57
99
85
-88
96
-95
-36
40
-88
83
-63
69
74
-97
-81
78
-20
-40
-20
91
94
14
-10
-98
-6
-7
-12
25
32
-24
22
-43
6
88
-28
-17
-60
-72
-97
-30
-36
-41
-29
95
-10
-39
-37
63
-81
11
58
15
54
-64
15
-78
-35
-80
-76
31
-83
-8
7
31
52
-18
64
99
12
-16
1
-65
-45
20
59
-92
18
44
-42
28
-62
31
-98
25
-81
80
-34
7
-13
1
-83
38
-32
90
-99
19
-80
44
26
12
-81
-4
-54
-48
-74
-2
30
0
10
-20
-64
-24
-8
84
-15
81
33
-95
-9
-29
-5
30
64
55
-97
85
34
42
-24
-94
-44
-89
37
-28
-90
-43
-78
-9
47
63
-76
-98
-88
-23
-10
85
-11
69
-94
-75
62
28
-95
-30
28
44
55
100
-53
31
33
74
-81
-69
-95
28
95
23
43
-62
29
5
-52
53
92
62
-82
77
-32
-79
-55
-71
70
30
10
-44
18
58
68
84
72
69
71
88
7
-32
20
-94
78
-52
-68
80
28
-11
-61
17
71
-29
10
67
-36
-45
-83
-75
60
41
95
-95
90
86
-49
62
83
9
53
68
-23
37
-86
-54
-55
47
57
77
-72
-13
77
-69
83
-86
22
60
-33
75
92
12
56
-88
-26
-3
73
-92
56
-57
42
97
25
58
13
56
90
20
-66
-100
56
39
31
-13
-2
-3
27
-58
-87
-88
0
-54
-37
69
30
-74
-22
82
8
9
-10
-7
7
56
-42
17
-77
-57
85
80
42
19
61
89
48
-48
91
-92
-30
91
85
-40
69
90
-19
95
-4
-87
57
-96
41
-10
29
-52
-88
-29
57
-89
51
-34
97
60
-3
-12
85
-5
56
7
-30
66
48
-16
14
-54
48
-39
63
99
54
60
92
13
-88
93
-97
-53
-76
66
52
-1
8
61
4
-45
40
91
74
-24
-86
-16
-38
-16
11
-1
-43
-77
-32
-86
-88
-81
47
-91
35
-78
-75
80
43
-92
86
-86
-28
-72
-31
-57
16
-53
72
2
-64
50
26
1
72
-40
57
79
-43
96
-15
59
90
-30
-6
-100
12
86
-41
-53
25
-25
-71
-45
16
-1
74
-78
-56
89
-28
31
6
7
70
81
55
76
-10
11
-14
-57
76
-83
90
-26
85
44
-47
3
-70
22
32
4
-69
91
94
61
4
55
17
-91
29
57
7
-68
12
-41
-34
-74
-16
68
-64
-60
97
-2
70
47
48
-64
14
3
19
-46
-18
80
58
2
-49
-46
-11
57
2
-69
-83
55
-22
-35
62
10
-76
48
12
-77
-83
28
32
4
-72
-90
-62
6
-24
21
-48
54
70
89
48
-57
6
-78
-49
-77
-36
-95
1
60
-54
-57
7
47
-50
36
26
-39
76
-73
-30
-92
3
-79
98
18
-46
18
60
-48
97
-84
59
77
-51
90
-76
-17
-4
9
-11
63
-45
19
-43
-97
73
-7
78
62
-67
3
100
47
19
-67
94
-44
94
32
-33
-34
22
-16
96
-92
-31
-17
-57
-37
19
-79
-86
15
-86
87
52
-83
-92
-57
-80
31
-53
-26
37
54
-48
13
50
25
-43
74
-35
62
-8
85
-61
61
-80
-43
72
-5
54
-28
20
15
-6
45
-53
-57
-22
-11
-1
-94
-7
-4
-93
-5
-39
-78
28
-42
-33
87
100
-28
39
-49
-26
29
-58
91
36
-34
-89
-34
-76
-80
-8
-32
-95
8
-4
-31
59
-73
-46
-12
-27
35
22
74
17
-1
85
77
57
20
62
1
32
13
-70
-4
-58
58
100
-75
-100
-32
-88
69
-43
-19
-51
72
-13
74
-91
59
92
-11
8
63
20
-91
23
-59
81
-84
83
63
5
65
38
56
-97
27
23
-18
85
86
-88
-9
2
41
72
-40
-46
-70
28
-26
-35
-62
74
28
-97
-61
-59
-1
85
-95
18
-42
64
50
-81
-47
-95
35
65
-44
-34
22
2
-9
53
-32
-53
-59
21
36
94
13
-4
-88
70
41
-6
94
-21
-51
37
85
-33
80
22
-42
44
11
-71
-29
-11
-75
-55
-47
-67
-29
85
54
50
87
70
-60
57
19
45
92
-93
26
-56
-15
-4
-70
-92
-46
70
40
99
-32
29
-64
-43
58
-10
80
-80
21
70
82
33
25
24
-59
2
4
50
44
-84
-27
20
7
42
-57
-58
-99
85
4
-35
-97
20
50
70
-58
60
-50
56
38
78
89
26
-6
-28
60
-2
-86
-96
-54
-76
-94
-30
56
-88
-48
79
99
-39
75
-98
-27
6
-72
-89
66
45
-82
-6
-78
-58
-62
74
-95
92
5
37
100
-81
-97
-31
-55
75
-40
6
-12
-100
-4
-80
90
-57
-44
-62
-23
-88
28
-76
-13
-67
-76
-31
8
-100
19
12
-43
-18
-19
61
-98
-83
-52
-12
-5
-97
-77
-20
-4
-64
-90
-54
-82
31
76
-18
23
-79
-8
26
88
-9
-77
-1
-61
25
-44
40
9
41
83
-16
-49
-61
-87
-85
86
38
7
-58
41
82
-44
39
-4
-90
-10
-81
21
32
-44
43
3
-92
-86
74
-9
15
61
57
-15
-76
-99
32
-32
54
-10
2
53
-66
37
75
-16
-21
57
43
3
93
7
77
47
33
-24
67
8
-51
79
48
95
-67
-84
40
-36
-12
47
-2
62
77
-24
-76
-68
-91
-40
-59
39
-37
6
-22
-42
-31
-58
-94
31
-12
51
50
-67
-26
-47
6
59
-1
47
48
64
-40
-60
58
-23
-67
-66
-62
34
56
45
-9
45
-91
22
54
-10
-56
-31
-77
-81
71
15
-9
-80
100
65
-42
61
62
16
79
22
-56
-97
-68
-73
34
100
-15
48
-73
-86
18
-5
-62
12
-22
69
25
-52
-85
82
0
40
82
-100
26
-73
-58
56
35
-81
56
57
89
-12
-96
97
35
-95
-100
42
-47
90
-53
-41
48
-52
-59
49
84
51
-38
-49
-58
95
28
-26
-10
-94
5
-2
7
-2
-9
33
-4
-48
-34
44
-3
-32
-48
-8
54
73
-42
50
63
60
1
-95
-22
-48
-12
38
-22
-48
-65
67
-41
22
-6
34
37
68
-57
-49
-81
78
84
-36
88
84
80
55
-60
86
68
74
-84
2
84
30
-49
57
-92
17
-10
-25
50
3
82
-100
93
78
-4
42
57
-71
26
-22
-20
96
-35
44
55
-6
60
52
15
-97
15
18
11
-59
-24
70
78
-72
-24
61
-44
26
-75
-60
84
-92
24
50
-5
-41
-89
4
26
90
61
93
95
44
-11
6
46
61
18
86
-12
96
-45
15
-63
-43
19
-73
33
28
-81
29
-29
76
-22
42
54
-26
-54
37
36
-64
48
-51
55
55
45
-84
-18
42
1
44
-6
-3
-6
-82
5
5
-36
-52
-72
-86
54
21
-44
-49
-61
51
58
-84
-24
-77
-38
-18
-76
42
-11
-39
-62
-24
14
26
-99
-68
-66
-31
-57
-20
-29
-73
81
-26
31
38
-50
-35
45
-65
79
72
-52
31
80
4
82
0
55
72
-75
37
-50
76
-24
-6
-85
-2
6
-23
-20
83
-2
-93
53
-80
-66
-98
8
2
1
-80
-31
-68
-20
-99
-18
21
-18
47
-10
-22
-82
28
-5
28
-43
45
-17
-62
-6
47
-54
67
-2
-10
85
-8
86
-86
45
8
-20
-91
-54
-92
80
-11
-88
6
-30
-13
-39
-26
-8
-15
43
-40
-27
-11
6
-99
27
-22
-28
-1
82
69
48
97
8
-20
68
-55
-43
97
28
97
-60
29
-51
-68
-18
87
-48
1
-33
-81
41
98
-28
-13
87
-69
51
-51
25
15
-74
91
23
-74
-78
9
-68
-38
-79
-57
-21
-35
13
-5
45
-82
57
-76
-50
35
-78
-56
-64
60
-62
41
4
-34
-61
-74
28
-81
-72
-31
-4
-54
32
51
-18
92
-26
35
-45
-9
-84
-56
-47
33
-49
28
-15
25
63
70
64
-27
96
53
-69
18
-37
-7
-3
-68
-7
2
22
56
27
-3
-55
97
-8
-79
-7
12
47
2
-62
28
36
-56
-84
-49
-7
-57
-83
-14
34
-84
-35
-71
-99
79
-68
2
30
-67
-74
-82
-8
10
-68
12
32
-6
-44
-65
99
-87
-49
-40
-17
84
-34
69
64
-23
81
-89
77
-88
-72
-54
-7
17
73
79
-59
58
67
-72
-19
68
-21
-86
-28
-40
5
43
-3
-87
-100
71
49
-51
93
-13
8
48
25
-83
-60
28
72
21
-83
47
-6
18
-48
-95
93
52
-8
-59
-21
-40
-45
-35
-9
-83
-91
-49
11
-47
29
-25
93
99
-1
-79
-26
-42
-35
-81
84
97
-60
12
-35
-25
-44
-40
-65
-22
69
21
-89
-71
-16
-84
-38
-58
79
34
77
89
7
-5
-41
11
-95
68
88
95
-9
76
-37
-80
-96
22
51
-77
-56
80
74
56
36
-86
72
-2
-89
-96
25
-80
10
-83
-74
-89
-16
79
29
73
39
68
69
25
35
-52
-41
6
75
-34
42
53
66
22
6
98
-40
71
15
95
98
-96
61
-23
-36
43
-79
19
-60
-32
-66
-26
44
-12
-70
-5
-20
-37
14
-49
81
64
36
-61
-91
-61
66
-28
63
77
47
-47
-94
-14
69
33
86
0
-60
37
-27
71
88
37
-49
56
64
-41
-15
14
-2
33
-48
27
-23
-62
-60
-30
47
83
59
55
76
13
-36
64
-73
1
65
8
-88
-33
-37
76
-38
28
56
-46
63
77
99
43
-45
17
70
-9
-67
-31
-16
-39
-44
-69
48
-65
-60
85
50
-45
-69
-33
9
-30
-53
90
97
-22
32
80
-88
-68
-75
-11
-46
86
-1
-44
20
63
49
24
60
62
41
-67
-10
51
-98
-37
-33
0
49
96
-47
-2
48
-1
92
-48
60
-84
-19
44
-41
-44
43
41
-32
20
2
-42
15
-43
-21
64
-80
-39
-42
28
4
-81
-38
73
74
-96
-37
72
-11
-95
-86
73
-50
-33
63
22
36
-84
59
-67
-96
0
79
67
64
-39
-57
-52
-10
58
11
22
55
-26
23
-36
-95
99
12
31
48
-46
-15
-87
53
-94
-56
40
15
-46
-85
59
3
50
38
-47
24
-42
-18
-26
4
-86
72
64
-80
65
-43
-36
-35
77
6
63
-51
89
69
-16
-90
-35
-12
-80
9
-56
-2
-59
28
-37
79
-68
-6
24
3
36
-1
-46
-39
-62
72
-57
-3
-58
97
71
-74
-90
16
88
67
72
62
29
-62
-12
-63
-35
40
-50
-14
63
72
9
-18
-33
-68
-4
-65
-4
-50
13
-46
52
73
-6
83
81
-72
27
-100
-21
-15
-30
-75
17
98
30
49
95
-56
38
13
20
60
-63
56
53
-15
51
52
8
-69
30
-9
85
12
-94
-15
40
-29
32
95
-51
-9
95
48
58
11
-17
-100
65
29
-69
-52
2
52
40
98
8
50
-24
13
98
44
62
98
-38
-45
-23
-28
-90
-1
-45
-53
35
-52
35
-88
49
-9
-43
-18
97
-96
-79
-20
-78
68
-24
-74
2
-65
-94
36
56
-58
34
-94
-79
61
-31
44
-12
79
-11
-4
-94
-85
49
66
-94
-61
-33
81
-48
86
48
39
83
79
98
57
74
-3
43
14
47
84
-48
27
-91
-94
-1
-23
99
-98
-15
19
60
-50
51
-69
-66
-27
-94
59
-98
35
-95
70
57
30
-6
-96
25
-32
-88
-91
-93
84
15
-87
-32
84
30
88
-33
11
34
-4
91
-96
-22
-23
22
-24
-9
-77
-79
-49
-51
-70
30
-61
34
77
15
-84
-29
72
-87
-67
-23
-63
70
-49
-32
11
-74
-53
-29
93
7
34
0
85
-8
-96
-16
7
45
-8
71
59
-19
19
-29
-54
-48
26
-68
-70
-75
42
2
47
28
-54
-18
-65
-33
-22
43
-85
83
-93
88
-21
-97
-53
-100
94
-3
0
46
14
0
3
-2
87
-69
-1
-38
-7
49
57
-77
-33
-44
-75
2
27
-50
30
-59
-23
17
62
27
29
-71
6
88
75
8
38
-9
-88
-27
-12
9
-76
73
54
-53
-67
-80
-91
-83
-63
26
-88
-93
-17
94
63
-36
2
-10
-73
-95
93
-65
70
-26
47
26
-71
94
41
-59
35
85
47
-15
54
10
35
-31
-99
29
-88
-7
-19
61
-26
43
-92
74
73
99
-19
0
-35
-90
2
-42
51
65
1
-66
-33
97
-29
-84
85
7
-35
-89
-7
-39
8
85
-47
-62
-62
-50
92
95
-6
-26
-20
-84
22
2
-40
-30
62
19
79
78
100
-95
-21
-28
-10
83
61
-93
22
-5
44
9
36
10
31
-34
-74
60
32
-44
68
51
-51
41
95
-45
94
16
80
-96
79
94
-81
64
-83
53
23
-8
-6
-23
3
-29
-79
53
32
23
55
48
-44
19
-49
-93
-56
69
-82
-55
-48
45
-98
-68
11
11
-1
99
59
-96
77
50
-84
95
-61
2
-81
72
-91
-70
96
9
57
-46
65
-80
-62
25
12
-6
62
-84
89
-78
22
-19
1
-48
-6
55
-84
3
-21
-82
-6
-46
-45
-8
97
63
35
75
-100
75
-7
64
13
-22
-42
49
-11
32
-76
-57
72
78
12
35
-90
79
-8
-18
6
-91
93
43
85
-65
-36
-73
34
-36
77
-9
20
-64
-9
-46
-7
77
-72
18
40
39
-90
-23
8
-93
-4
88
-24
-81
-86
34
-8
59
84
-40
90
84
-85
70
-10
-77
-54
-8
-99
-84
63
70
-84
-77
-18
90
45
6
-70
-29
7
-60
-41
16
-43
-67
30
78
47
49
45
-10
48
-58
6
24
-81
-57
-76
12
46
73
35
45
52
-71
80
46
-62
35
-90
40
-91
35
-29
54
-95
90
-6
-23
8
33
21
85
63
45
-12
-73
29
-98
41
32
89
46
36
-44
71
22
-32
-20
-69
97
-62
12
98
47
-72
-100
49
-13
-64
-21
-94
29
21
48
66
-30
-77
-34
-72
-23
61
47
33
-10
-38
21
56
68
17
2
38
-82
-76
29
-87
76
97
19
-22
-64
24
65
100
94
-27
-53
100
66
30
-65
62
45
-68
13
98
-94
34
12
-84
82
-92
-56
-91
43
-32
-4
31
28
22
-67
63
-82
95
80
55
-61
-59
26
-11
-6
24
-23
29
-84
2
36
21
-67
5
-42
-73
-29
5
-91
-76
-18
-44
-34
-90
94
95
-53
59
61
71
78
26
12
71
-47
-27
-30
-41
-24
27
-92
39
84
-8
-29
4
-70
49
-1
77
-51
48
-69
35
75
4
58
6
11
-46
64
-28
82
-54
77
19
86
-10
-3
51
30
40
-58
-89
73
-38
-72
6
84
59
49
-18
33
32
13
-38
-71
-85
-38
68
22
90
51
57
34
58
-77
97
97
-83
-41
19
-6
72
-61
-68
10
40
59
-53
-46
77
-58
45
-75
49
-33
10
-2
2
36
-3
-87
-73
5
74
-74
0
77
-78
86
29
-83
-14
10
-44
-91
-78
-39
11
80
72
-85
-57
-5
69
-83
-85
88
71
1
-38
-66
46
-56
-89
30
-62
-31
47
-9
-87
46
33
-93
-35
36
70
-57
-95
-48
-96
-53
31
-11
65
35
15
-80
-54
-76
-95
-27
-6
8
86
9
-57
95
-68
-54
8
-83
83
-65
58
13
78
16
-99
-41
54
-70
40
-88
-49
88
63
34
-11
70
8
64
85
-11
-14
86
23
-41
40
7
-30
25
61
-65
-37
79
1
90
85
87
-15
-60
66
51
-10
0
-86
-40
66
-87
-73
90
48
-70
70
77
81
-94
-81
3
-31
20
38
22
-75
-6
1
-45
-67
27
-41
-5
32
-52
-86
23
74
-45
79
-6
66
-76
90
-26
46
-52
55
62
-97
79
29
60
94
39
-14
-98
72
32
-49
-55
-61
79
-54
-13
-34
-86
-93
100
-35
-80
8
34
-42
-17
-53
100
-9
88
64
-15
69
30
13
-68
-82
80
46
19
46
-68
31
-62
-51
99
58
99
-23
34
79
-76
88
16
-39
42
47
-55
-58
74
13
-47
2
-68
75
34
-33
63
-67
21
76
-62
32
19
62
21
97
56
-42
-73
11
71
77
-91
-37
65
30
-32
-46
-67
35
59
-58
-16
-94
25
-53
68
71
31
21
38
-54
26
-15
95
100
-15
61
-47
-54
-60
-93
26
-13
65
-94
-59
-17
-14
-79
-2
21
-10
-94
100
-39
36
74
-81
-40
-33
28
-43
40
22
-86
-39
-85
5
-38
-67
-32
37
-11
-81
9
84
54
23
15
-63
-84
38
92
41
-79
-9
-95
18
-79
14
-9
50
94
-25
61
3
70
8
-62
-24
-97
-95
-32
70
31
79
-97
-16
66
50
95
-39
-98
29
47
-10
-87
-73
-5
-86
23
27
-30
-66
97
-22
-43
-94
35
-29
-16
88
64
-81
-11
-24
86
-20
-97
-78
-51
47
-80
45
-35
-53
8
48
36
90
59
53
-50
41
74
26
-40
-63
-75
-77
70
-76
-73
-26
-15
-56
82
44
90
97
77
-41
41
-66
36
72
-78
-40
-81
-88
4
79
67
1
-2
29
64
-49
-46
99
48
46
-58
-97
55
-78
-10
-5
35
-29
40
-86
-40
11
-61
-48
-92
-23
-38
-17
95
-69
-70
-31
89
90
-46
-59
5
79
-53
-96
98
-75
56
-3
-90
-54
-35
-13
16
-87
55
18
-41
84
78
7
-24
14
-70
-15
0
21
18
26
-34
-95
38
-62
88
-19
36
4
-67
77
-47
62
-3
61
94
-19
-30
-48
92
51
18
-97
80
-13
76
9
1
12
26
10
-38
-42
38
-92
-40
22
-98
60
-78
68
12
10
87
-6
62
50
-93
30
-54
-97
56
-66
-21
-1
56
-38
29
25
-63
-55
-47
95
29
-77
9
0
27
26
-36
44
-38
99
-69
15
-85
-31
-64
-90
-60
55
-19
-82
-93
-37
100
-14
99
-76
11
-11
45
-2
87
-85
15
-92
73
37
-43
-9
33
-48
-52
-93
10
-45
17
-78
-26
69
-99
-67
-83
59
37
-57
29
-13
58
-91
-62
-61
-79
-54
85
14
99
62
55
95
-10
70
99
32
-70
86
44
-37
7
-24
16
52
-61
-61
1
36
29
-30
-79
87
-16
25
36
22
-70
-17
-2
20
-62
7
-57
55
40
18
52
83
-62
80
14
16
21
-98
-36
-82
-33
-11
-40
-34
8
41
-35
42
75
-36
2
91
71
59
-75
84
-85
96
-29
-90
-50
40
-42
-73
-64
-54
-52
32
88
91
-98
37
48
45
45
-100
-32
57
8
13
-57
-7
-98
-18
-68
57
98
-63
21
-70
-21
52
50
-88
94
-86
-89
56
-37
21
19
-20
13
21
-58
-88
-50
-65
98
-32
29
-53
-12
-54
-45
-19
-39
84
-70
34
57
84
71
-40
33
50
1
-33
80
67
1
35
9
83
34
-57
-36
46
67
-1
-49
86
-51
81
-99
40
-3
86
39
-88
0
-32
2
86
93
94
20
-92
98
-68
62
-28
82
-34
59
32
-11
34
80
-82
-83
-81
-58
-12
99
3
70
-73
98
12
-30
-46
-5
70
-29
28
88
-43
98
-55
46
83
81
6
50
84
-94
6
-8
58
-65
74
-69
96
-51
24
-16
34
-4
-27
0
-26
-89
-96
14
33
75
-30
97
-56
84
96
-15
-11
-74
-96
-30
-2
-56
54
38
-22
-40
-70
31
-32
93
-45
5
74
15
36
-44
16
59
12
89
-69
8
65
-59
-13
47
-61
83
89
-89
-75
-12
74
-49
39
-96
-21
64
-6
-69
-85
-7
15
-10
-83
56
-74
82
-52
-47
-70
12
98
60
98
25
94
79
39
-81
51
48
-6
-36
-60
32
-9
-34
-69
-87
-29
89
-34
-96
26
-18
-58
88
-6
90
50
81
42
48
29
37
36
62
-63
-47
9
54
-70
67
-65
91
-10
-95
-18
79
83
5
-86
-84
-30
-18
94
8
-31
31
67
47
51
-1
-54
-56
7
93
-67
-21
31
-25
-13
-17
37
93
75
-20
-37
-74
78
-19
-54
47
-74
51
-69
-8
-43
-21
37
-77
-56
27
-37
72
-98
-61
26
50
16
-44
75
-31
-64
45
-5
3
2
-50
90
60
-96
-10
-19
5
-58
71
29
50
-48
9
9
80
-67
26
-76
65
-79
49
27
-88
39
-18
57
-40
-54
-59
-63
-37
-83
-25
-62
65
18
-52
48
46
32
-44
53
25
-78
45
4
-55
-22
24
-89
89
29
-51
-53
79
-2
-71
95
67
-82
100
4
-66
81
52
-38
-69
-7
76
45
12
6
54
-56
74
51
-88
72
43
14
96
86
-29
100
-50
79
-14
14
-94
-61
53
-38
-72
29
61
-64
32
-70
91
56
-88
-8
-8
-67
21
-48
-44
-40
33
-38
17
12
93
-3
-100
-17
1
39
6
79
80
26
-25
98
-58
57
57
66
-39
-27
-64
-38
-96
-91
25
-67
19
14
-77
-5
14
42
83
46
-14
-35
6
-65
-39
-78
-90
-12
9
-37
83
40
53
8
11
-3
-8
15
15
5
-86
6
99
10
10
-89
-87
0
-26
-77
46
71
89
-17
4
89
21
-13
38
-81
39
-16
22
63
77
62
16
-28
-92
-54
-28
99
-48
51
68
-29
56
-68
-75
88
70
-58
-37
-56
-99
62
75
43
95
-4
-4
-18
-71
88
-78
6
-78
-79
-100
-92
56
-16
-42
-79
-10
-34
-74
90
70
-77
-11
41
92
-62
-8
92
71
57
-25
-77
39
75
-2
73
-32
-52
58
11
9
-62
-88
-47
-10
-80
44
-95
85
42
46
-97
37
66
96
99
18
69
4
-3
-46
31
-94
89
7
54
36
11
-52
70
32
54
-75
8
79
-91
68
-17
10
98
-55
-82
-34
23
-29
67
2
83
-28
-10
29
54
4
54
-17
20
39
-41
92
-71
77
63
30
55
-7
-51
57
66
41
-33
64
62
15
84
-93
21
-16
75
-23
-27
74
-16
15
95
-100
-11
94
56
29
57
87
-57
82
95
28
3
-62
6
80
-15
76
98
16
-75
96
-2
92
55
-2
74
-26
-99
92
3
46
-12
2
41
88
90
75
-75
-97
-87
30
79
5
-76
25
-73
2
60
72
-93
-74
-4
-97
-84
-37
-90
-55
-36
21
56
-82
-22
25
70
83
56
-25
-48
-73
54
38
-79
26
62
-86
5
-23
53
-2
59
-13
62
7
18
18
99
68
57
43
84
-88
-71
-28
29
54
-25
-21
-12
-42
-62
-40
79
41
-73
-63
-90
-22
39
-79
8
-75
-78
-100
91
73
62
-10
55
-66
69
61
-94
46
24
-83
-19
79
-36
58
28
-2
-12
61
-50
-66
8
-73
2
-21
-73
57
25
-33
40
-50
72
87
-72
-47
-80
-16
-99
33
-79
-55
91
-97
2
20
77
7
83
-33
99
-59
-18
49
-34
4
-3
-24
-18
34
-53
40
-37
-86
-26
25
-91
64
-46
62
78
29
41
-94
68
57
43
52
-93
-27
48
-66
-42
-20
-46
50
53
39
-43
-95
-21
-80
46
-3
-98
56
-79
-3
-63
-54
82
74
10
-23
18
-19
-59
75
-31
26
-37
95
57
65
-15
-15
-27
62
-62
47
66
-98
0
-26
27
93
-80
82
63
-92
-88
65
-2
94
97
28
77
-73
44
-98
89
5
-3
86
-67
-56
-93
-26
25
-97
59
55
-28
-95
-50
-60
-57
80
48
-67
-5
-53
-52
74
12
27
-68
100
-3
-84
-15
82
-46
-29
-63
-100
42
83
41
-34
1
36
60
74
-95
9
-40
31
-53
-6
10
-68
-60
-51
100
-6
-63
-11
-57
-75
-30
30
36
49
-81
84
-93
18
-78
-30
19
-80
-26
-58
90
1
-84
-37
-6
44
39
-74
91
-4
-93
22
13
15
5
67
56
94
-44
56
-83
-65
35
-64
64
99
-96
0
49
-18
61
13
80
45
-3
54
88
84
53
91
-71
25
77
62
45
6
63
-72
68
-33
90
34
-18
-93
88
-15
71
56
-100
81
-31
-47
17
-93
-39
-87
-4
-1
-60
8
-1
-50
-47
-2
33
1
86
-95
-69
-8
58
-87
100
35
4
24
-96
93
-63
-47
95
45
99
-22
-3
-91
90
-35
-84
-44
-24
93
-93
-96
-56
48
-82
-84
71
93
-82
63
72
-71
76
-33
-18
-46
-17
32
64
-30
-36
63
10
100
44
-98
72
-4
30
31
72
-100
-19
-18
-60
45
-72
11
73
-76
10
78
98
43
99
80
-37
35
45
52
-68
-8
23
90
97
32
11
78
78
-11
-96
-56
-68
-80
-15
31
16
26
-40
-74
83
78
39
32
19
-7
-10
-20
-99
-49
-89
12
40
-47
-89
-45
-93
46
-31
24
-93
26
-43
97
83
9
-71
91
-69
85
-42
-79
1
-17
-69
23
48
-96
23
66
89
-67
-1
41
34
72
85
2
-2
-92
41
40
14
-30
-62
55
-9
-58
37
33
47
-69
58
-61
30
-42
-22
52
-25
16
33
-2
59
-49
14
94
64
12
21
18
24
-30
-71
19
3
41
-54
-6
33
-26
-70
71
21
-16
-32
-4
13
73
-86
-33
-57
-71
-58
64
-23
-42
71
33
75
-76
-96
-42
-22
-68
35
-1
-46
-15
-41
88
-79
69
-25
-91
78
-99
-13
16
20
-63
69
75
-30
-35
-68
15
-28
-68
76
77
-25
44
-33
-57
24
87
90
67
-88
61
64
-25
63
-76
-90
64
-75
4
-84
-31
50
-94
42
21
-100
42
75
55
-1
46
53
-80
43
34
54
-9
66
82
-14
77
-34
-46
88
-29
69
60
-82
-79
-41
-72
-61
-9
-28
22
92
21
-73
41
5
37
5
-19
-45
-60
63
-7
74
3
28
2
-90
-67
-10
86
89
74
18
82
-29
58
-21
-53
-15
-5
-2
-24
6
52
-10
42
-11
64
87
-42
95
-30
74
-19
31
57
-18
20
37
-88
-36
4
28
49
-86
95
-92
-21
-84
-95
59
-4
18
78
41
-4
85
-54
81
73
28
-33
-74
-87
-81
-96
1
-65
-57
18
-43
77
-64
86
32
38
-1
-68
96
-97
-93
52
100
54
55
5
-28
35
-79
14
-99
21
-11
-57
-44
-38
-72
84
-40
-16
-30
55
42
25
-53
-53
-7
81
-84
-81
-73
71
-10
-43
78
27
-64
-90
38
91
-41
-76
86
-34
62
-24
80
-37
-37
48
-39
35
-88
32
10
40
-86
77
5
-65
-59
27
-35
-46
-83
-72
82
94
-31
5
83
79
91
-67
-39
74
19
-23
-59
-82
18
-33
-52
3
-44
70
42
-56
-11
-80
-64
-24
22
79
-72
-44
-75
74
34
-38
68
44
38
52
0
82
-84
88
80
26
13
98
-17
63
100
90
13
93
19
40
-59
-5
89
-23
60
-43
69
-69
-16
-2
0
-55
-90
-57
-79
53
77
-53
48
-43
10
-50
67
19
-24
-76
-29
64
70
-65
72
72
-98
-62
-51
-81
40
42
-32
-21
60
-99
-89
92
-6
15
-11
30
-14
87
13
37
-88
92
68
25
0
-30
-60
-6
13
-5
88
-57
25
-57
-75
-82
7
57
-52
-55
76
37
7
2
88
-56
33
46
-9
79
-35
-9
70
69
66
-33
-4
56
19
-82
-95
81
90
-4
-49
75
82
-65
11
-64
-90
48
71
88
-15
-64
-17
76
7
44
84
25
81
52
96
87
91
88
-33
78
100
0
39
-64
-1
61
-77
40
82
80
-44
28
-40
-42
4
42
-11
-75
82
17
-43
-19
51
-9
-15
56
66
96
-84
72
-46
-93
31
-79
36
19
-42
-83
-82
33
55
-4
87
-89
-39
-46
97
13
24
-78
-32
72
-3
-26
-8
48
69
76
79
100
92
16
-11
19
-68
80
3
31
-20
30
-69
-88
63
-48
-61
31
-32
-77
99
48
-42
17
-31
51
17
-8
-3
-54
63
86
98
-41
-37
-27
-4
50
-73
-79
-73
27
27
45
55
87
-68
86
45
-6
64
98
-82
39
70
39
-64
44
-46
36
31
-5
-85
-9
61
10
-95
-3
10
-28
-43
-59
-93
-86
69
83
11
-98
-80
50
2
34
12
-32
-59
97
-32
41
-95
94
74
65
5
21
4
98
72
77
-57
16
-79
69
96
-89
59
-64
27
48
70
19
-54
-57
73
56
-27
-94
-48
-46
77
65
-51
-74
40
96
-11
-63
77
-69
40
98
-47
31
-4
-31
-20
25
30
-85
60
-55
-38
-90
-25
0
29
-9
16
-28
5
79
89
-45
72
50
56
-3
-42
-27
-21
95
-9
86
-70
25
76
-95
-29
-82
26
72
71
72
-7
43
-63
35
58
-68
-49
-12
15
46
-7
22
33
26
-94
0
-73
-36
49
71
-89
87
54
41
11
96
47
84
91
-86
-17
93
-13
50
-4
-71
-45
57
46
41
20
60
-21
65
-32
62
82
-44
-75
-28
-71
-82
-67
72
90
41
-38
91
-60
-19
88
27
-8
-39
-55
-27
48
35
-13
90
-98
31
-99
31
-55
58
66
22
70
-21
13
-86
-81
-66
1
-4
-26
-35
-11
-84
-4
-41
36
86
94
-70
-96
-35
69
-58
-30
11
77
-47
-38
24
93
39
-37
-91
100
-12
13
44
80
5
-67
-1
-42
-20
-39
-29
-1
98
65
22
82
3
18
49
14
-5
-43
68
-42
31
-26
74
-67
21
15
-71
15
6
-55
67
-12
-97
-37
14
-85
33
98
74
9
29
-95
79
54
31
14
93
-40
31
-97
98
83
-80
80
5
-15
-88
72
-5
13
-23
-25
25
-12
-47
-15
32
24
30
-12
68
33
-58
-44
-57
38
23
96
-51
5
45
-28
-89
-14
-96
39
-92
-52
97
66
39
-31
-47
-61
-75
-27
-20
-78
-7
-80
-96
-6
54
-55
-57
89
-67
0
46
87
-58
-34
-54
68
1
78
48
78
94
23
-63
62
18
-59
16
-19
60
-78
-83
51
48
14
-1
10
60
87
33
-47
47
-23
58
22
41
-92
-5
-5
47
6
-5
40
70
-19
9
73
-46
7
67
-42
-44
-32
51
52
-51
64
73
22
41
-30
-59
-1
59
-98
88
-33
32
-15
95
17
-98
23
48
4
-4
-15
-8
0
60
94
-63
-91
59
26
24
-38
-34
91
84
21
-56
66
56
85
53
60
4
-65
-40
34
-43
-83
-78
55
31
36
21
-86
-55
-34
31
-18
65
1
-67
78
-24
-31
-7
-23
59
-63
26
80
-16
-8
61
17
17
-53
40
31
-7
68
-52
-52
90
19
74
-60
-44
-59
57
-62
5
-88
-21
-44
-77
72
14
13
-31
-5
-22
-30
-6
21
-47
-92
-37
46
22
-37
-77
-79
-33
-5
83
0
-51
-65
-23
49
-46
-34
-93
48
-81
6
-99
74
-14
86
-71
13
95
44
-31
98
-17
-42
-82
-13
73
35
83
-27
-67
-94
60
-60
-3
-68
1
-77
36
15
-96
23
-85
-94
-68
-96
-26
-67
98
-24
26
-96
-26
-87
-34
48
-10
76
-50
-84
-85
-45
59
80
-96
-97
100
-26
-37
49
10
100
4
76
83
77
52
66
-37
-40
-12
-29
-27
36
-8
-22
35
66
91
20
63
-63
40
-46
-100
61
30
-72
-56
-36
-9
3
80
-23
-96
80
-20
44
53
51
-76
4
13
40
-19
72
80
-60
84
-29
-38
34
-8
77
-28
16
82
-38
73
91
73
28
25
-87
46
67
-97
-80
-55
5
-45
-5
-81
-71
39
81
-64
-57
72
-25
-95
-2
-77
3
-91
-59
-59
4
74
-30
-8
29
62
24
-3
48
-34
23
75
57
-70
60
-52
72
-24
98
17
-87
15
79
76
-65
67
56
-2
69
-47
45
75
10
-48
62
87
-44
-75
65
-36
46
43
-84
-2
-12
-11
32
81
37
-79
15
4
18
-95
-39
-57
-43
70
-96
-55
-65
55
93
-33
38
-1
56
-63
-1
-93
48
2
-73
37
-1
63
17
-32
-70
69
-13
68
-15
-46
49
-76
-96
-78
-65
59
53
19
45
69
35
30
42
-51
-30
-9
32
55
92
-75
-93
83
-34
23
-58
-27
87
-24
63
61
96
12
36
4
73
76
44
-25
53
-60
-83
-29
-55
-18
-86
9
66
-2
58
8
-28
-69
93
-82
-43
-87
11
30
-14
73
11
29
16
43
78
-20
-55
69
-1
-42
-99
-24
-94
39
17
70
-7
23
57
-55
36
-94
-60
1
-2
-41
-76
1
76
26
83
-55
-6
-94
64
18
-47
86
-45
-28
69
-96
85
-95
92
-49
-9
62
76
50
66
-96
32
-18
50
78
87
16
-37
55
93
-55
28
-12
76
-40
-51
-18
-44
11
64
-21
-17
-26
23
-1
6
-34
-72
1
-11
35
-6
-77
-54
-64
-67
-22
-33
50
-98
-39
47
-62
5
82
44
-96
58
40
-76
-36
-56
-89
38
47
80
28
43
-21
28
-83
-19
-92
-34
-27
97
19
38
69
-90
-50
-99
-59
92
72
0
47
-35
-84
8
-20
57
-21
-82
77
-34
36
-91
87
66
97
74
-99
-53
23
-58
66
-15
-38
81
-1
24
-35
-98
-9
-1
4
46
-28
-5
-57
46
57
57
8
27
-58
34
-78
-35
25
49
87
76
-79
17
60
89
-70
82
82
-42
-22
73
99
9
-44
41
59
7
-54
30
-58
66
-66
-92
-98
68
-38
9
12
-65
44
95
-41
51
-24
36
-86
-91
-24
15
-79
92
-100
-55
16
25
-35
57
-85
21
-21
-19
55
-33
94
-68
36
-67
-13
44
-13
-42
-38
-98
8
-94
-51
84
-15
-77
37
0
-74
-43
19
75
-54
67
-10
-29
-36
-75
-47
-94
53
64
94
-2
97
-47
-45
-91
8
47
36
-61
-86
96
-41
-66
-3
-84
-71
-4
55
4
-40
-60
-87
40
-52
-78
65
-57
-55
-58
-5
71
-74
26
32
-6
-45
73
8
77
-50
99
35
-11
-30
41
56
-23
-43
-74
-88
-93
-10
-54
85
56
60
-99
-31
61
-58
51
-96
-75
-64
-20
53
-88
-23
100
45
-34
100
-14
19
70
32
-13
-12
-7
20
52
77
5
39
-48
-91
-90
9
89
-66
-24
-41
60
-90
-97
-46
68
27
26
-38
96
43
24
-99
22
-99
79
-41
47
12
-61
88
-53
84
2
1
-98
-21
98
-50
100
100
43
-55
43
4
78
69
-47
-48
70
61
92
39
14
-62
-10
-89
64
-32
96
23
53
47
-3
-57
-39
67
74
-71
7
26
-58
53
-72
86
-42
-6
17
-6
53
72
-32
75
48
-34
58
-19
-73
-74
33
71
92
-45
32
-9
-95
-32
-20
22
97
-4
-61
-52
22
-92
-44
-74
59
-71
-72
18
-94
98
-53
40
-50
32
-73
-34
-63
-43
-69
-65
29
-58
-13
81
-4
-20
98
95
-72
0
-85
-77
53
36
89
6
76
12
1
24
-44
3
-87
3
-62
-96
-78
-66
-18
24
51
-97
14
29
-93
-56
95
-21
-38
-42
-4
85
-13
-2
22
-18
60
39
-38
16
2
-17
-79
80
-14
-16
-67
-82
0
54
-73
58
80
-17
-90
17
-27
78
43
66
74
-49
49
54
78
98
95
-66
-4
32
98
20
82
91
13
100
-1
-54
-16
-28
-66
3
-90
43
67
28
94
30
-82
15
-75
29
-30
-16
14
96
-41
-95
-16
-96
-29
87
17
-18
8
0
76
66
76
69
-37
-57
-17
81
7
-74
-30
72
50
86
86
-2
88
-22
10
-31
26
16
36
-59
-60
-28
-34
-67
-23
-85
-96
92
78
55
-43
-9
-28
-91
-13
-1
2
-59
-94
-31
-20
53
80
-57
14
-79
47
-47
-53
-77
-15
-70
39
14
-58
10
-99
-97
75
-100
12
-84
-36
-73
-24
62
61
-25
63
29
60
28
-96
-56
-1
-83
75
44
-89
-3
75
-95
-39
-54
-86
-82
65
61
-52
-52
73
-61
20
13
53
-74
100
91
33
-13
92
-61
84
-70
-37
-9
-89
77
-3
42
-90
7
-37
-93
59
-76
0
91
23
-13
-12
-22
-57
56
8
58
11
-8
44
-69
55
52
-28
18
90
-55
92
83
81
-83
25
-35
89
-2
70
83
49
81
-15
-9
-73
37
72
39
30
-21
-100
-99
85
63
9
57
31
-54
-2
-31
82
-62
-48
-83
-74
-43
90
72
51
61
-48
-37
60
-100
78
0
-78
-41
-95
35
-96
46
94
20
14
-20
-64
-63
38
-14
87
92
-17
55
51
10
26
-52
-41
-87
47
-37
-7
87
-43
86
-50
-1
61
30
-79
49
42
-72
83
65
-57
-73
8
-4
40
-66
30
-94
-63
-27
78
-2
-99
-2
-38
-72
69
26
94
-1
-83
-57
-27
-35
-24
-36
4
75
-12
14
-51
-87
25
-4
67
-35
8
-86
-50
-42
13
36
95
-80
-14
4
-44
-85
-25
-10
-98
89
-23
-31
26
49
-89
56
95
52
-55
60
-61
-94
86
-13
15
-4
76
-2
-5
26
-28
22
-53
80
82
97
4
-90
-44
-73
85
-81
83
-44
-3
-58
36
-69
-58
48
68
76
-45
38
-44
-80
-69
-74
62
-65
25
-53
-96
-69
-60
79
46
82
86
-9
-47
-35
-100
-25
54
17
84
54
61
-28
-70
-94
-62
-3
51
72
94
-99
68
37
-38
-52
42
-50
-95
20
-51
-93
97
-63
-39
-15
57
-91
-66
15
85
-72
-52
56
-40
-12
42
-29
26
3
83
61
-15
37
-80
59
-90
-9
2
-40
23
95
-37
41
-45
-85
15
-44
61
-78
-85
-87
78
16
-9
7
14
55
88
-76
-17
-9
-65
38
80
-22
15
40
97
27
18
57
31
1
88
91
70
1
98
16
-67
86
-90
-16
7
-68
66
83
-94
-23
-31
39
9
-41
65
74
-75
16
-41
-68
84
-85
-11
-44
-82
-16
37
-12
-17
68
83
89
85
-29
99
-47
-17
48
-12
65
-20
95
85
-43
65
-59
-59
17
-38
88
-11
55
-12
73
-92
93
81
23
-54
34
-40
12
-39
55
-100
23
46
-5
32
15
35
-98
19
80
56
19
99
74
-14
-23
-66
-65
-33
-72
-75
-63
-26
-41
-16
100
35
28
32
-66
-98
-80
-30
-52
-96
-76
61
-38
80
-64
55
35
-41
7
-8
-12
-55
87
59
-44
56
-68
99
71
95
99
82
12
-40
-78
-65
-55
83
86
-70
77
-91
34
52
-35
36
44
72
70
57
-20
86
-86
91
15
27
93
93
-31
-5
68
-71
-47
99
-13
30
9
-28
79
-62
66
69
-76
67
-26
-32
-96
-97
-71
23
-100
-92
22
73
-37
-67
58
30
-49
9
-99
62
-97
27
-4
56
51
-73
24
-55
85
-21
-83
54
-60
-84
28
57
49
16
-97
-18
-55
-38
1
36
71
38
-5
-41
97
92
63
-76
-63
-69
68
78
65
87
-63
-70
43
-64
-63
-85
45
29
28
12
-46
37
12
-37
-40
31
36
58
97
37
-7
-20
70
-57
16
91
8
-17
-65
66
-29
-59
39
-93
35
-61
30
-61
-26
-83
-7
99
-51
-77
27
16
-56
-85
27
99
-100
41
-50
35
39
-56
-87
9
-6
22
72
-10
-54
-4
-11
-2
33
83
-21
58
-79
30
80
27
-14
20
35
42
-44
18
37
-94
-87
46
-28
-47
29
-11
-35
-5
32
40
88
37
91
1
7
-42
-82
-95
68
50
26
-54
-27
-48
-98
-55
46
-82
79
-29
49
65
-39
-10
-53
24
-66
37
68
-87
-39
7
9
9
-55
64
100
37
4
-94
54
-37
-12
-31
77
34
-80
-67
-2
55
14
-90
-74
0
-78
38
-44
1
-33
57
25
-25
-37
-55
48
-87
80
-89
24
-84
-94
-86
-60
-71
-68
74
-15
25
93
0
58
-5
-29
28
-17
43
65
87
64
-55
-9
-44
-67
97
-22
68
-50
-63
-46
-33
-94
-98
-50
4
-65
3
-41
-93
68
-4
90
-96
25
26
-97
-69
78
-58
-51
44
-80
29
18
-37
42
31
82
-4
-19
67
-27
77
37
75
-77
-48
51
43
80
96
-40
-49
9
70
7
-86
94
-68
-71
16
37
4
-34
51
100
-79
-38
-47
82
-86
54
65
92
57
-32
-86
-55
35
-74
57
-65
33
-88
-18
75
49
-26
-74
5
41
-7
59
-10
14
-54
-92
54
-42
-25
4
59
75
-14
34
11
29
42
64
26
45
64
-14
-90
62
77
51
95
13
40
-43
22
-15
-30
73
46
-81
-37
-61
6
-89
18
-22
34
47
-56
-90
76
-63
26
19
-93
-3
-56
86
-50
97
-49
71
-22
64
-40
6
-57
58
58
-70
-91
-68
-14
54
-78
28
-20
-77
48
80
-35
-17
-17
-98
23
59
-84
-25
-77
-89
-80
-61
-31
42
-26
-74
-21
-21
38
77
21
-5
35
-53
70
-5
-59
-60
-97
22
8
64
94
44
40
-10
26
-42
80
74
-76
-45
83
13
58
100
37
-27
9
-92
-67
-52
-22
-48
-36
-44
-29
-33
10
-90
57
59
76
-2
-79
-92
32
-1
-49
-68
-20
11
18
7
-83
-3
52
26
-66
87
-97
15
-87
-26
52
-12
51
55
9
37
-50
-15
99
-12
-7
-91
49
100
-45
54
-80
-80
-27
4
-12
60
10
74
-67
-15
40
4
-36
-70
-81
-75
-55
100
20
0
9
-59
-19
26
-21
10
-76
25
57
-27
-60
-58
63
54
-4
79
-15
-93
29
44
-18
54
-65
-44
58
40
-89
-92
-20
-23
10
38
41
-11
-71
-42
-88
-65
-80
74
1
-67
35
14
34
41
-58
-38
45
33
78
68
51
38
41
-29
-53
98
58
-39
64
-44
-82
-76
-78
77
-58
35
71
82
77
-70
-25
29
0
-38
68
-13
19
91
21
-83
-36
-92
1
-77
54
95
31
24
-88
1
85
-13
11
29
-1
-47
40
-26
88
-5
94
-29
-36
-4
-45
59
-45
20
-91
40
46
-75
27
49
28
-92
51
-24
-67
-23
55
9
82
-68
-37
-34
-12
39
71
57
94
-47
82
39
15
76
93
-26
40
-56
14
-31
88
-77
93
23
3
-24
-82
-10
-65
48
-63
89
30
-65
-72
9
83
53
-25
-2
-20
25
-6
-91
24
-76
68
-86
62
34
14
-84
70
9
13
-47
86
63
53
88
2
32
-26
-93
-2
-20
-83
-18
-94
-82
38
-51
52
92
76
58
11
-60
49
65
-72
51
98
81
90
42
18
95
-38
-5
0
4
92
1
-27
-37
-65
55
7
-51
-3
94
57
7
-76
64
63
34
-47
-91
-87
39
-87
-1
79
-47
-15
81
20
20
-53
82
-73
-49
-55
-31
-40
37
-42
-73
-44
28
-19
-80
16
95
67
13
80
50
-72
-65
-22
93
87
-78
-62
38
45
78
-56
21
-19
48
80
18
-48
77
81
80
18
-26
-68
-21
83
44
11
-15
100
-95
65
2
-50
-51
8
-93
-82
-19
74
-33
77
23
47
34
14
-92
-92
-25
-88
92
44
-100
-41
-40
-90
-74
96
22
-28
-31
-64
82
-76
46
41
65
49
46
-61
-98
-3
80
50
-13
-59
-32
-61
12
-78
4
-17
-55
81
-19
80
60
45
-61
97
-3
79
-63
43
-78
33
47
9
-54
-80
58
-5
3
-21
90
-33
-25
77
-84
-42
84
-37
-48
23
20
-16
94
-32
63
34
-20
79
13
-80
-70
-70
84
9
-82
57
78
80
-70
-99
100
66
22
84
53
97
-77
7
36
-64
96
29
20
-77
-71
36
-74
-64
-93
-30
-36
97
8
-20
-95
-78
60
-50
-55
2
26
96
96
-47
-45
-95
-31
44
10
-40
-36
-50
40
39
-80
-56
72
-34
48
-88
33
67
91
-66
55
19
98
-82
-9
61
21
36
94
65
17
61
55
37
92
-35
35
-13
-57
63
63
38
-24
0
12
-50
-71
38
-48
100
-40
-91
44
-65
62
-38
-31
19
36
